    1.000000      0.5040000E-02
   0.9777640      0.1789870E-01
   0.9503895      0.3325840E-01
   0.9215451      0.4890719E-01
   0.8916103      0.6459311E-01
   0.8609081      0.8011846E-01
   0.8297137      0.9532843E-01
   0.7982715      0.1100971    
   0.7668086      0.1243174    
   0.7355404      0.1378961    
   0.7046699      0.1507533    
   0.6743833      0.1628235    
   0.6448439      0.1740573    
   0.6161869      0.1844227    
   0.5885164      0.1939056    
   0.5619052      0.2025078    
   0.5363962      0.2102456    
   0.5120065      0.2171467    
   0.4887310      0.2232470    
   0.4665479      0.2285884    
   0.4454226      0.2332160    
   0.4253119      0.2371760    
   0.4061670      0.2405144    
   0.3879366      0.2432757    
   0.3705684      0.2455023    
   0.3540107      0.2472339    
   0.3382139      0.2485075    
   0.3231304      0.2493571    
   0.3087156      0.2498139    
   0.2949279      0.2499064    
   0.2817288      0.2496607    
   0.2690831      0.2491003    
   0.2569583      0.2482471    
   0.2453249      0.2471206    
   0.2341561      0.2457392    
   0.2234276      0.2441195    
   0.2131176      0.2422771    
   0.2032057      0.2402263    
   0.1936780      0.2379724    
   0.1845070      0.2354967    
   0.1756553      0.2328061    
   0.1670968      0.2299082    
   0.1588100      0.2268096    
   0.1507782      0.2235163    
   0.1429882      0.2200338    
   0.1354293      0.2163670    
   0.1280928      0.2125206    
   0.1209719      0.2084992    
   0.1140612      0.2043070    
   0.1073563      0.1999482    
   0.1008538      0.1954271    
   0.9455135E-01  0.1907477    
   0.8844698E-01  0.1859142    
   0.8253947E-01  0.1809305    
   0.7682806E-01  0.1758010    
   0.7131243E-01  0.1705296    
   0.6599263E-01  0.1651206    
   0.6086898E-01  0.1595782    
   0.5594212E-01  0.1539065    
   0.5121284E-01  0.1481098    
   0.4668217E-01  0.1421922    
   0.4235126E-01  0.1361579    
   0.3822137E-01  0.1300111    
   0.3429389E-01  0.1237559    
   0.3057027E-01  0.1173961    
   0.2705202E-01  0.1109359    
   0.2374071E-01  0.1043788    
   0.2063795E-01  0.9772871E-01
   0.1774538E-01  0.9098906E-01
   0.1506466E-01  0.8416330E-01
   0.1259748E-01  0.7725470E-01
   0.1034554E-01  0.7026638E-01
   0.8310563E-02  0.6320138E-01
   0.6494250E-02  0.5606262E-01
   0.4898301E-02  0.4885297E-01
   0.3524380E-02  0.4157529E-01
   0.2374079E-02  0.3423247E-01
   0.1448909E-02  0.2682770E-01
   0.7501618E-03  0.1936389E-01
   0.2790248E-03  0.1184602E-01
   0.3611757E-04  0.4274853E-02
   0.2201153E-04 -0.3334213E-02
   0.2351522E-03 -0.1083218E-01
   0.6714683E-03 -0.1819388E-01
   0.1327625E-02 -0.2542796E-01
   0.2200067E-02 -0.3253436E-01
   0.3285692E-02 -0.3951607E-01
   0.4581592E-02 -0.4637534E-01
   0.6085202E-02 -0.5311465E-01
   0.7794271E-02 -0.5973631E-01
   0.9706883E-02 -0.6624253E-01
   0.1182145E-01 -0.7263534E-01
   0.1413673E-01 -0.7891657E-01
   0.1665180E-01 -0.8508785E-01
   0.1936608E-01 -0.9115061E-01
   0.2227933E-01 -0.9710609E-01
   0.2539166E-01 -0.1029553    
   0.2870351E-01 -0.1086991    
   0.3221571E-01 -0.1143381    
   0.3592946E-01 -0.1198729    
   0.3984635E-01 -0.1253036    
   0.4396841E-01 -0.1306304    
   0.4829807E-01 -0.1358532    
   0.5283828E-01 -0.1409719    
   0.5759244E-01 -0.1459859    
   0.6256451E-01 -0.1508948    
   0.6775900E-01 -0.1556978    
   0.7318103E-01 -0.1603938    
   0.7883635E-01 -0.1649816    
   0.8473136E-01 -0.1694598    
   0.9087319E-01 -0.1738266    
   0.9726966E-01 -0.1780801    
   0.1039294     -0.1822177    
   0.1108616     -0.1862368    
   0.1180762     -0.1901342    
   0.1255840     -0.1939060    
   0.1333959     -0.1975481    
   0.1415232     -0.2010555    
   0.1499771     -0.2044227    
   0.1587680     -0.2076431    
   0.1679050     -0.2107097    
   0.1773944     -0.2136144    
   0.1872381     -0.2163479    
   0.1974329     -0.2189015    
   0.2079667     -0.2212485    
   0.2188619     -0.2233502    
   0.2301461     -0.2251966    
   0.2418479     -0.2267776    
   0.2539982     -0.2280808    
   0.2666307     -0.2290920    
   0.2797820     -0.2297945    
   0.2934919     -0.2301690    
   0.3078035     -0.2301938    
   0.3227635     -0.2298441    
   0.3384222     -0.2290920    
   0.3548338     -0.2279064    
   0.3720556     -0.2262528    
   0.3901480     -0.2240932    
   0.4091738     -0.2213864    
   0.4291964     -0.2180880    
   0.4502789     -0.2141510    
   0.4724805     -0.2095271    
   0.4958541     -0.2041677    
   0.5204411     -0.1980260    
   0.5462663     -0.1910597    
   0.5733319     -0.1832338    
   0.6016110     -0.1745247    
   0.6310411     -0.1649232    
   0.6615204     -0.1544383    
   0.6929052     -0.1430993    
   0.7250123     -0.1309565    
   0.7576244     -0.1180802    
   0.7904981     -0.1045588    
   0.8233717     -0.9049595E-01
   0.8559692     -0.7601080E-01
   0.8879975     -0.6124106E-01
   0.9191342     -0.4635213E-01
   0.9490127     -0.3154949E-01
   0.9772186     -0.1708688E-01
    1.000000     -0.5040000E-02
